#
#@
ра=01
#$
**************|*|*****|***|8150991764,12|0|0|11152071604,04|4689318006,87|11967369402,86|2912998676,75|7335693965,30|0|0|1130171028,36|0|0|
**************|1|20500|000|0|0|0|0|0|0|0|0|0|0|1533874,97|0|0|
00000000000000000|1|20500|000|0|0|0|0|0|0|0|0|0|0|1533874,97|0|0|
**************|1|20512|000|1043300,00|0|0|140000,00|0|0|0|1183300,00|0|0|0|0|0|
10807081010000110|1|20512|000|1043300,00|0|0|140000,00|0|0|0|1183300,00|0|0|0|0|0|
**************|1|20551|000|0|0|0|3750987,43|0|3750987,43|0|0|0|0|0|0|0|
21925138020000150|1|20551|000|0|0|0|2002520,55|0|2002520,55|0|0|0|0|0|0|0|
21925201020000150|1|20551|000|0|0|0|0,10|0|0,10|0|0|0|0|0|0|0|
21925382020000150|1|20551|000|0|0|0|789103,59|0|789103,59|0|0|0|0|0|0|0|
21925554020000150|1|20551|000|0|0|0|83269,77|0|83269,77|0|0|0|0|0|0|0|
21935460020000150|1|20551|000|0|0|0|35532,00|0|35532,00|0|0|0|0|0|0|0|
21945190020000150|1|20551|000|0|0|0|11100,06|0|11100,06|0|0|0|0|0|0|0|
21951360020000150|1|20551|000|0|0|0|828982,14|0|828982,14|0|0|0|0|0|0|0|
21990000020000150|1|20551|000|0|0|0|479,22|0|479,22|0|0|0|0|0|0|0|
**************|1|20589|000|0|0|0|13247,60|0|0|0|13247,60|0|0|0|0|0|
11701020020000180|1|20589|000|0|0|0|13247,60|0|0|0|13247,60|0|0|0|0|0|
**************|1|20800|000|0|0|0|0|0|0|0|0|0|0|7108,00|0|0|
00000000000000000|1|20800|000|0|0|0|0|0|0|0|0|0|0|7108,00|0|0|
**************|1|20812|000|0|0|0|500,00|0|0|0|500,00|0|0|0|0|0|
09094210100590112|1|20812|000|0|0|0|500,00|0|0|0|500,00|0|0|0|0|0|
**************|1|20821|000|0|0|0|1509,14|0|0|0|1509,14|0|0|0|0|0|
09099000000010244|1|20821|000|0|0|0|1509,14|0|0|0|1509,14|0|0|0|0|0|
**************|1|20900|000|0|0|0|0|0|0|0|0|0|0|78687,67|0|0|
00000000000000000|1|20900|000|0|0|0|0|0|0|0|0|0|0|78687,67|0|0|
**************|1|20934|000|813,19|0|0|0|0|0|0|813,19|0|0|0|0|0|
11302992020000130|1|20934|000|813,19|0|0|0|0|0|0|813,19|0|0|0|0|0|
**************|1|20945|000|86250,73|0|0|14259,22|0|0|0|100509,95|0|0|0|0|0|
11607090020000140|1|20945|000|86250,73|0|0|0|0|0|0|86250,73|0|0|0|0|0|
11610122010000140|1|20945|000|0|0|0|14259,22|0|0|0|14259,22|0|0|0|0|0|
**************|1|30200|000|0|0|0|0|0|0|0|0|0|0|1090659076,30|0|0|
00000000000000000|1|30200|000|0|0|0|0|0|0|0|0|0|0|1090659076,30|0|0|
**************|1|30211|000|0|0|0|151667550,88|151633670,33|143403081,80|20006784,07|8264469,08|0|0|0|0|0|
09054210300590111|1|30211|000|0|0|0|5227496,64|5227496,64|5227496,64|652984,00|0|0|0|0|0|0|
09074210100590111|1|30211|000|0|0|0|371000,00|371000,00|371000,00|0|0|0|0|0|0|0|
09074230100590111|1|30211|000|0|0|0|130000,00|130000,00|130000,00|0|0|0|0|0|0|0|
09094210100590111|1|30211|000|0|0|0|74318392,01|74284511,46|66053922,93|9780025,57|8264469,08|0|0|0|0|0|
09094230100590111|1|30211|000|0|0|0|48050498,12|48050498,12|48050498,12|6352575,53|0|0|0|0|0|0|
09099000000010121|1|30211|000|0|0|0|20374894,76|20374894,76|20374894,76|2787873,03|0|0|0|0|0|0|
0909900000001о121|1|30211|000|0|0|0|2878316,28|2878316,28|2878316,28|390306,93|0|0|0|0|0|0|
09099900059800121|1|30211|000|0|0|0|316953,07|316953,07|316953,07|43019,01|0|0|0|0|0|0|
**************|1|30213|000|0|0|0|5276504,11|5276504,11|5018912,69|385849,49|257591,42|0|0|0|0|0|
09054210300590119|1|30213|000|0|0|0|104619,20|104619,20|104619,20|6676,00|0|0|0|0|0|0|
09094210100590119|1|30213|000|0|0|0|2394113,75|2394113,75|2136522,33|176203,10|257591,42|0|0|0|0|0|
09094230100590119|1|30213|000|0|0|0|1907968,61|1907968,61|1907968,61|130129,39|0|0|0|0|0|0|
09099000000010129|1|30213|000|0|0|0|868414,05|868414,05|868414,05|72661,00|0|0|0|0|0|0|
09099900059800129|1|30213|000|0|0|0|1388,50|1388,50|1388,50|180,00|0|0|0|0|0|0|
**************|1|30221|000|46345,44|0|0|700246,57|700246,57|746592,01|277701,30|0|0|0|0|0|0|
02049900080040244|1|30221|000|0|0|0|4179,20|4179,20|4179,20|0|0|0|0|0|0|0|
0204990008004й244|1|30221|000|2349,60|0|0|0|0|2349,60|0|0|0|0|0|0|0|
09054210300590242|1|30221|000|0|0|0|34042,30|34042,30|34042,30|25894,18|0|0|0|0|0|0|
09094210100590242|1|30221|000|0|0|0|126156,71|126156,71|126156,71|14527,48|0|0|0|0|0|0|
09094230100590242|1|30221|000|34635,84|0|0|223772,32|223772,32|258408,16|34635,84|0|0|0|0|0|0|
09094230100590244|1|30221|000|0|0|0|2071,80|2071,80|2071,80|2071,80|0|0|0|0|0|0|
0909423010059й242|1|30221|000|0|0|0|34635,84|34635,84|34635,84|0|0|0|0|0|0|0|
09099000000010242|1|30221|000|0|0|0|42600,00|42600,00|42600,00|0|0|0|0|0|0|0|
09099000000010244|1|30221|000|0|0|0|232788,40|232788,40|232788,40|200572,00|0|0|0|0|0|0|
0909900000001й242|1|30221|000|8520,00|0|0|0|0|8520,00|0|0|0|0|0|0|0|
0909900000001й244|1|30221|000|840,00|0|0|0|0|840,00|0|0|0|0|0|0|0|
**************|1|30222|000|68640,00|0|0|368160,00|368160,00|436800,00|68640,00|0|0|0|0|0|0|
09094230100590244|1|30222|000|68640,00|0|0|299520,00|299520,00|368160,00|68640,00|0|0|0|0|0|0|
0909423010059й244|1|30222|000|0|0|0|68640,00|68640,00|68640,00|0|0|0|0|0|0|0|
**************|1|30223|000|35219,85|0|0|5009379,82|5009379,82|5012395,90|1063838,83|32203,77|0|0|0|0|0|
09054210300590244|1|30223|000|0|0|0|229039,45|229039,45|229039,45|226633,25|0|0|0|0|0|0|
09094210100590244|1|30223|000|0|0|0|3371225,06|3371225,06|3362554,58|739213,82|8670,48|0|0|0|0|0|
09094230100590244|1|30223|000|35219,85|0|0|371767,69|371767,69|406987,54|97991,76|0|0|0|0|0|0|
0909423010059й244|1|30223|000|0|0|0|35219,85|35219,85|35219,85|0|0|0|0|0|0|0|
09099000000010244|1|30223|000|0|0|0|975571,38|975571,38|952038,09|0|23533,29|0|0|0|0|0|
09099900059800244|1|30223|000|0|0|0|26556,39|26556,39|26556,39|0|0|0|0|0|0|0|
**************|1|30224|000|858452569,33|0|0|23324034,85|23324034,85|121392118,45|4675704,75|760384485,73|0|0|0|0|0|
09094210121680244|1|30224|000|525504300,22|0|0|8909430,91|8909430,91|70395968,92|0|464017762,21|0|0|0|0|0|
0909421N321680244|1|30224|000|332948269,11|0|0|14414603,94|14414603,94|50996149,53|4675704,75|296366723,52|0|0|0|0|0|
**************|1|30225|000|13193,32|0|0|1921094,40|1921094,40|1742729,87|39280,32|191557,85|0|0|0|0|0|
02049900080040244|1|30225|000|0|0|0|5574,24|5574,24|4645,20|0|929,04|0|0|0|0|0|
09054210300590244|1|30225|000|0|0|0|18497,26|18497,26|18497,26|17287,00|0|0|0|0|0|0|
09094210100590244|1|30225|000|0|0|0|772598,15|772598,15|765173,15|8800,00|7425,00|0|0|0|0|0|
09094230100590242|1|30225|000|13193,32|0|0|59998,01|59998,01|73191,33|13193,32|0|0|0|0|0|0|
09094230100590244|1|30225|000|0|0|0|15483,56|15483,56|15483,56|0|0|0|0|0|0|0|
0909423010059й242|1|30225|000|0|0|0|13193,32|13193,32|13193,32|0|0|0|0|0|0|0|
09099000000010242|1|30225|000|0|0|0|84589,00|84589,00|59912,00|0|24677,00|0|0|0|0|0|
09099000000010244|1|30225|000|0|0|0|925978,07|925978,07|771629,25|0|154348,82|0|0|0|0|0|
09099900059800244|1|30225|000|0|0|0|25182,79|25182,79|21004,80|0|4177,99|0|0|0|0|0|
**************|1|30226|000|44850,36|0|0|84180270,29|84180270,29|83969632,65|52883,36|255488,00|0|0|0|0|0|
02049900080040242|1|30226|000|0|0|0|70996,00|70996,00|70996,00|0|0|0|0|0|0|0|
02049900080040244|1|30226|000|0|0|0|37413,98|37413,98|37413,98|0|0|0|0|0|0|0|
09024210110960323|1|30226|000|0|0|0|320635,65|320635,65|320635,65|0|0|0|0|0|0|0|
090242101R2011323|1|30226|000|0|0|0|1018260,30|1018260,30|1018260,30|0|0|0|0|0|0|0|
0902421N255860323|1|30226|000|0|0|0|62500,00|62500,00|62500,00|0|0|0|0|0|0|0|
09024220110780323|1|30226|000|0|0|0|50714309,87|50714309,87|50714309,87|0|0|0|0|0|0|0|
09024220111340323|1|30226|000|0|0|0|9467344,80|9467344,80|9467344,80|0|0|0|0|0|0|0|
09024220151610323|1|30226|000|0|0|0|6044815,35|6044815,35|6044815,35|0|0|0|0|0|0|0|
09024220152160244|1|30226|000|0|0|0|1645125,00|1645125,00|1645125,00|0|0|0|0|0|0|0|
09024220154600323|1|30226|000|0|0|0|12004122,24|12004122,24|12004122,24|0|0|0|0|0|0|0|
09054210300590242|1|30226|000|0|0|0|62050,00|62050,00|62050,00|0|0|0|0|0|0|0|
09054210300590244|1|30226|000|0|0|0|8655,00|8655,00|8655,00|8070,00|0|0|0|0|0|0|
09094210100590242|1|30226|000|0|0|0|147568,00|147568,00|147568,00|0|0|0|0|0|0|0|
09094210100590244|1|30226|000|0|0|0|1408648,65|1408648,65|1402740,65|0|5908,00|0|0|0|0|0|
09094230100590242|1|30226|000|0|0|0|401882,87|401882,87|401882,87|0|0|0|0|0|0|0|
09094230100590244|1|30226|000|44459,36|0|0|219281,76|219281,76|263741,12|44459,36|0|0|0|0|0|0|
0909423010059й244|1|30226|000|0|0|0|44459,36|44459,36|44459,36|0|0|0|0|0|0|0|
0909425N751140242|1|30226|000|0|0|0|249580,00|249580,00|0|0|249580,00|0|0|0|0|0|
09099000000010244|1|30226|000|0|0|0|252621,46|252621,46|252621,46|354,00|0|0|0|0|0|0|
0909900000001й244|1|30226|000|391,00|0|0|0|0|391,00|0|0|0|0|0|0|0|
**************|1|30227|000|0|0|0|39320,38|39320,38|39320,38|0|0|0|0|0|0|0|
09094210100590244|1|30227|000|0|0|0|39320,38|39320,38|39320,38|0|0|0|0|0|0|0|
**************|1|30231|000|0|0|0|2008593,00|2008593,00|1811037,34|0|197555,66|0|0|0|0|0|
09054210300590244|1|30231|000|0|0|0|31600,00|31600,00|31600,00|0|0|0|0|0|0|0|
09094230100590242|1|30231|000|0|0|0|1605754,03|1605754,03|1605754,03|0|0|0|0|0|0|0|
09094230100590244|1|30231|000|0|0|0|28000,00|28000,00|28000,00|0|0|0|0|0|0|0|
0909425N751140242|1|30231|000|0|0|0|322545,66|322545,66|124990,00|0|197555,66|0|0|0|0|0|
09099900059800242|1|30231|000|0|0|0|18810,00|18810,00|18810,00|0|0|0|0|0|0|0|
09099900059800244|1|30231|000|0|0|0|1883,31|1883,31|1883,31|0|0|0|0|0|0|0|
**************|1|30234|000|4415,44|0|0|87305337,32|87305337,32|87026707,45|31330547,53|283045,31|0|0|0|0|0|
02049900080040242|1|30234|000|0|0|0|9750,37|9750,37|9750,37|0|0|0|0|0|0|0|
09054210300590244|1|30234|000|0|0|0|99164,00|99164,00|99164,00|84164,00|0|0|0|0|0|0|
09074210158320244|1|30234|000|0|0|0|81875612,80|81875612,80|81875612,80|31187820,00|0|0|0|0|0|0|
09094210100590244|1|30234|000|0|0|0|4689284,14|4689284,14|4472733,83|54148,09|216550,31|0|0|0|0|0|
09094230100590242|1|30234|000|0|0|0|41630,00|41630,00|41630,00|0|0|0|0|0|0|0|
09094230100590244|1|30234|000|4415,44|0|0|322945,10|322945,10|327360,54|4415,44|0|0|0|0|0|0|
0909423010059й244|1|30234|000|0|0|0|4415,44|4415,44|4415,44|0|0|0|0|0|0|0|
09099000000010244|1|30234|000|0|0|0|21524,50|21524,50|21524,50|0|0|0|0|0|0|0|
09099900059800242|1|30234|000|0|0|0|3497,66|3497,66|3497,66|0|0|0|0|0|0|0|
09099900059800244|1|30234|000|0|0|0|237513,31|237513,31|171018,31|0|66495,00|0|0|0|0|0|
**************|1|30241|000|0|0|0|2200094316,26|2200094316,26|2200094316,26|2200094316,26|0|0|0|0|0|0|
07044210460010622|1|30241|000|0|0|0|2316981,40|2316981,40|2316981,40|2316981,40|0|0|0|0|0|0|
09014210154760612|1|30241|000|0|0|0|916719,08|916719,08|916719,08|916719,08|0|0|0|0|0|0|
09014210160260612|1|30241|000|0|0|0|195787559,17|195787559,17|195787559,17|195787559,17|0|0|0|0|0|0|
09014210160870612|1|30241|000|0|0|0|134254,02|134254,02|134254,02|134254,02|0|0|0|0|0|0|
09014210161360612|1|30241|000|0|0|0|51000000,00|51000000,00|51000000,00|51000000,00|0|0|0|0|0|0|
090142101R2021612|1|30241|000|0|0|0|17345886,75|17345886,75|17345886,75|17345886,75|0|0|0|0|0|0|
09014210260260612|1|30241|000|0|0|0|22468904,20|22468904,20|22468904,20|22468904,20|0|0|0|0|0|0|
09014210460260612|1|30241|000|0|0|0|-40000,00|-40000,00|-40000,00|-40000,00|0|0|0|0|0|0|
0901421N260260612|1|30241|000|0|0|0|56379,26|56379,26|56379,26|56379,26|0|0|0|0|0|0|
0901421N360260612|1|30241|000|0|0|0|26795310,23|26795310,23|26795310,23|26795310,23|0|0|0|0|0|0|
0901421N451700612|1|30241|000|0|0|0|4777767,17|4777767,17|4777767,17|4777767,17|0|0|0|0|0|0|
0901421N460260612|1|30241|000|0|0|0|3630740,60|3630740,60|3630740,60|3630740,60|0|0|0|0|0|0|
0901421P354680612|1|30241|000|0|0|0|418990,00|418990,00|418990,00|418990,00|0|0|0|0|0|0|
0901421P360260612|1|30241|000|0|0|0|3482000,00|3482000,00|3482000,00|3482000,00|0|0|0|0|0|0|
09024210260260612|1|30241|000|0|0|0|921104,80|921104,80|921104,80|921104,80|0|0|0|0|0|0|
09024210260260622|1|30241|000|0|0|0|1084114,43|1084114,43|1084114,43|1084114,43|0|0|0|0|0|0|
090242102R2022612|1|30241|000|0|0|0|4537000,00|4537000,00|4537000,00|4537000,00|0|0|0|0|0|0|
0902421N360260612|1|30241|000|0|0|0|12385825,63|12385825,63|12385825,63|12385825,63|0|0|0|0|0|0|
0902421N451700612|1|30241|000|0|0|0|63000,00|63000,00|63000,00|63000,00|0|0|0|0|0|0|
0902421N460260612|1|30241|000|0|0|0|109100,00|109100,00|109100,00|109100,00|0|0|0|0|0|0|
09044210160260612|1|30241|000|0|0|0|12274560,00|12274560,00|12274560,00|12274560,00|0|0|0|0|0|0|
0904421N155540612|1|30241|000|0|0|0|47327724,18|47327724,18|47327724,18|47327724,18|0|0|0|0|0|0|
09064210160260612|1|30241|000|0|0|0|13666000,00|13666000,00|13666000,00|13666000,00|0|0|0|0|0|0|
09074210158320612|1|30241|000|0|0|0|484911934,01|484911934,01|484911934,01|484911934,01|0|0|0|0|0|0|
09074210160260612|1|30241|000|0|0|0|54038884,44|54038884,44|54038884,44|54038884,44|0|0|0|0|0|0|
09074210260260612|1|30241|000|0|0|0|4384000,00|4384000,00|4384000,00|4384000,00|0|0|0|0|0|0|
09074210260260622|1|30241|000|0|0|0|3567493,29|3567493,29|3567493,29|3567493,29|0|0|0|0|0|0|
09074210360260612|1|30241|000|0|0|0|463000,00|463000,00|463000,00|463000,00|0|0|0|0|0|0|
09074210460260612|1|30241|000|0|0|0|332780974,62|332780974,62|332780974,62|332780974,62|0|0|0|0|0|0|
09074210460260622|1|30241|000|0|0|0|946762,83|946762,83|946762,83|946762,83|0|0|0|0|0|0|
09074230160260612|1|30241|000|0|0|0|84000,00|84000,00|84000,00|84000,00|0|0|0|0|0|0|
09079900080670612|1|30241|000|0|0|0|31460837,10|31460837,10|31460837,10|31460837,10|0|0|0|0|0|0|
09079900080670622|1|30241|000|0|0|0|5894652,50|5894652,50|5894652,50|5894652,50|0|0|0|0|0|0|
09094210260260622|1|30241|000|0|0|0|57785726,88|57785726,88|57785726,88|57785726,88|0|0|0|0|0|0|
09094210458300612|1|30241|000|0|0|0|231713054,96|231713054,96|231713054,96|231713054,96|0|0|0|0|0|0|
09094210458300622|1|30241|000|0|0|0|599242,89|599242,89|599242,89|599242,89|0|0|0|0|0|0|
09094210458330612|1|30241|000|0|0|0|523779333,89|523779333,89|523779333,89|523779333,89|0|0|0|0|0|0|
0909421N151960612|1|30241|000|0|0|0|2101768,98|2101768,98|2101768,98|2101768,98|0|0|0|0|0|0|
0909421N160260612|1|30241|000|0|0|0|679131,53|679131,53|679131,53|679131,53|0|0|0|0|0|0|
09094230160260612|1|30241|000|0|0|0|8987878,99|8987878,99|8987878,99|8987878,99|0|0|0|0|0|0|
0909425N751140612|1|30241|000|0|0|0|34270469,63|34270469,63|34270469,63|34270469,63|0|0|0|0|0|0|
0909425N760260612|1|30241|000|0|0|0|185248,80|185248,80|185248,80|185248,80|0|0|0|0|0|0|
**************|1|30245|000|0|0|0|47190609,41|47190609,41|47190609,41|47190609,41|0|0|0|0|0|0|
09074210460260813|1|30245|000|0|0|0|15559559,21|15559559,21|15559559,21|15559559,21|0|0|0|0|0|0|
09094210458330813|1|30245|000|0|0|0|31631050,20|31631050,20|31631050,20|31631050,20|0|0|0|0|0|0|
**************|1|30246|000|0|0|0|29231345,00|29231345,00|29231345,00|29231345,00|0|0|0|0|0|0|
09074210160260633|1|30246|000|0|0|0|4571596,60|4571596,60|4571596,60|4571596,60|0|0|0|0|0|0|
09074210460260633|1|30246|000|0|0|0|10624729,19|10624729,19|10624729,19|10624729,19|0|0|0|0|0|0|
09094210458330633|1|30246|000|0|0|0|14035019,21|14035019,21|14035019,21|14035019,21|0|0|0|0|0|0|
**************|1|30262|000|15600,00|0|0|2782688,01|2782688,01|2769288,01|865600,00|29000,00|0|0|0|0|0|
07044210410010321|1|30262|000|0|0|0|19280,00|19280,00|19280,00|0|0|0|0|0|0|0|
07044210410010340|1|30262|000|0|0|0|8008,01|8008,01|8008,01|0|0|0|0|0|0|0|
10034210111200321|1|30262|000|15600,00|0|0|2755400,00|2755400,00|2742000,00|865600,00|29000,00|0|0|0|0|0|
**************|1|30263|000|82958,80|0|0|1439686884,59|1439686884,59|1372277451,29|5415461,79|67492392,10|0|0|0|0|0|
07044210410010321|1|30263|000|0|0|0|5146800,25|5146800,25|5146800,25|0|0|0|0|0|0|0|
09024210110960323|1|30263|000|0|0|0|4989495,69|4989495,69|4989495,69|0|0|0|0|0|0|0|
090242101R2011323|1|30263|000|0|0|0|8701466,30|8701466,30|8701466,30|0|0|0|0|0|0|0|
0902421N255860323|1|30263|000|0|0|0|44327865,98|44327865,98|43107570,08|0|1220295,90|0|0|0|0|0|
09024220110780323|1|30263|000|0|0|0|840072054,58|840072054,58|790333452,42|0|49738602,16|0|0|0|0|0|
09024220111340323|1|30263|000|0|0|0|97905315,57|97905315,57|96178698,61|0|1726616,96|0|0|0|0|0|
09024220151610323|1|30263|000|0|0|0|116461957,18|116461957,18|116461957,18|0|0|0|0|0|0|0|
09024220154600323|1|30263|000|0|0|0|280774534,93|280774534,93|266122878,45|0|14651656,48|0|0|0|0|0|
09024220180870323|1|30263|000|0|0|0|522667,09|522667,09|522667,09|0|0|0|0|0|0|0|
09094230120030321|1|30263|000|0|0|0|13185,50|13185,50|13185,50|0|0|0|0|0|0|0|
10034210111190321|1|30263|000|82958,80|0|0|8386997,10|8386997,10|8316735,30|3855962,20|153220,60|0|0|0|0|0|
10034210410970321|1|30263|000|0|0|0|32384544,42|32384544,42|32382544,42|1559499,59|2000,00|0|0|0|0|0|
**************|1|30264|000|0|0|0|73990,34|73990,34|73990,34|0|0|0|0|0|0|0|
09094210100590321|1|30264|000|0|0|0|73990,34|73990,34|73990,34|0|0|0|0|0|0|0|
**************|1|30266|000|0|0|0|23623126,54|23618919,61|23615289,74|71047,90|7836,80|0|0|0|0|0|
09054210300590111|1|30266|000|0|0|0|8905,71|8905,71|8905,71|1133,00|0|0|0|0|0|0|
09094210100590111|1|30266|000|0|0|0|346970,82|346970,82|339734,02|36640,00|7236,80|0|0|0|0|0|
09094210100590112|1|30266|000|0|0|0|3900,00|3900,00|3300,00|0|600,00|0|0|0|0|0|
09094230100590111|1|30266|000|0|0|0|141820,65|141820,65|141820,65|18851,90|0|0|0|0|0|0|
09094230100590112|1|30266|000|0|0|0|2888,38|2888,38|2888,38|0|0|0|0|0|0|0|
09099000000010121|1|30266|000|0|0|0|116907,02|112700,09|116907,02|14315,00|0|0|0|0|0|0|
09099000000010122|1|30266|000|0|0|0|900,86|900,86|900,86|0|0|0|0|0|0|0|
09099900059800121|1|30266|000|0|0|0|833,10|833,10|833,10|108,00|0|0|0|0|0|0|
100342104R1380321|1|30266|000|0|0|0|23000000,00|23000000,00|23000000,00|0|0|0|0|0|0|0|
**************|1|30267|000|0|0|0|83896,10|83896,10|83896,10|8389,61|0|0|0|0|0|0|
10034210410980321|1|30267|000|0|0|0|83896,10|83896,10|83896,10|8389,61|0|0|0|0|0|0|
**************|1|30281|000|0|0|0|572060545,23|572060545,23|572060545,23|572060545,23|0|0|0|0|0|0|
0704421N560260622|1|30281|000|0|0|0|1465000,00|1465000,00|1465000,00|1465000,00|0|0|0|0|0|0|
09014210158110612|1|30281|000|0|0|0|12800000,00|12800000,00|12800000,00|12800000,00|0|0|0|0|0|0|
09014210160260612|1|30281|000|0|0|0|38646695,14|38646695,14|38646695,14|38646695,14|0|0|0|0|0|0|
0901421N251920612|1|30281|000|0|0|0|13958292,50|13958292,50|13958292,50|13958292,50|0|0|0|0|0|0|
0901421N351900612|1|30281|000|0|0|0|174887618,75|174887618,75|174887618,75|174887618,75|0|0|0|0|0|0|
0901421N352270612|1|30281|000|0|0|0|3584,44|3584,44|3584,44|3584,44|0|0|0|0|0|0|
0901421N451700612|1|30281|000|0|0|0|30877578,91|30877578,91|30877578,91|30877578,91|0|0|0|0|0|0|
0901421N460260612|1|30281|000|0|0|0|17086657,67|17086657,67|17086657,67|17086657,67|0|0|0|0|0|0|
09024210256080612|1|30281|000|0|0|0|160695800,00|160695800,00|160695800,00|160695800,00|0|0|0|0|0|0|
0902421N451700612|1|30281|000|0|0|0|5463516,66|5463516,66|5463516,66|5463516,66|0|0|0|0|0|0|
0902421N460260612|1|30281|000|0|0|0|15409498,28|15409498,28|15409498,28|15409498,28|0|0|0|0|0|0|
09074210158320612|1|30281|000|0|0|0|27992500,00|27992500,00|27992500,00|27992500,00|0|0|0|0|0|0|
09079900080670612|1|30281|000|0|0|0|16977000,00|16977000,00|16977000,00|16977000,00|0|0|0|0|0|0|
09094210260260612|1|30281|000|0|0|0|114333,35|114333,35|114333,35|114333,35|0|0|0|0|0|0|
0909421P351630612|1|30281|000|0|0|0|18984070,00|18984070,00|18984070,00|18984070,00|0|0|0|0|0|0|
0909425N751140612|1|30281|000|0|0|0|36698399,53|36698399,53|36698399,53|36698399,53|0|0|0|0|0|0|
**************|1|30293|000|0|0|0|76504,76|76504,76|76504,76|0|0|0|0|0|0|0|
09054210380870831|1|30293|000|0|0|0|69558,20|69558,20|69558,20|0|0|0|0|0|0|0|
09094210180870831|1|30293|000|0|0|0|3619,48|3619,48|3619,48|0|0|0|0|0|0|0|
09094230100590831|1|30293|000|0|0|0|3327,08|3327,08|3327,08|0|0|0|0|0|0|0|
**************|1|30296|000|4391,24|0|0|7226775,74|7226775,74|7226775,74|0|4391,24|0|0|0|0|0|
07044210410010340|1|30296|000|0|0|0|7225489,55|7225489,55|7225489,55|0|0|0|0|0|0|0|
09094210100590853|1|30296|000|4391,24|0|0|1286,19|1286,19|1286,19|0|4391,24|0|0|0|0|0|
**************|1|30297|000|160131,90|0|0|5424920,75|5424920,75|5514583,68|160131,90|70468,97|0|0|0|0|0|
02044230100590244|1|30297|000|0|0|0|1092926,47|1092926,47|1092926,47|0|0|0|0|0|0|0|
09054210380870831|1|30297|000|0|0|0|2000,00|2000,00|2000,00|0|0|0|0|0|0|0|
09094230100590242|1|30297|000|6647,09|0|0|305771,13|305771,13|296918,22|6647,09|15500,00|0|0|0|0|0|
09094230100590244|1|30297|000|153484,81|0|0|3863991,25|3863991,25|3962507,09|153484,81|54968,97|0|0|0|0|0|
09094230100590831|1|30297|000|0|0|0|100,00|100,00|100,00|0|0|0|0|0|0|0|
0909423010059й242|1|30297|000|0|0|0|6647,09|6647,09|6647,09|0|0|0|0|0|0|0|
0909423010059й244|1|30297|000|0|0|0|153484,81|153484,81|153484,81|0|0|0|0|0|0|0|
**************|1|30300|000|0|0|0|0|0|0|0|0|0|0|10717736,46|0|0|
00000000000000000|1|30300|000|0|0|0|0|0|0|0|0|0|0|10717736,46|0|0|
**************|1|30301|000|0|0|0|19114373,30|0|17918088,00|0|1196285,30|0|0|0|0|0|
09054210300590111|1|30301|000|0|0|0|654117,00|0|654117,00|0|0|0|0|0|0|0|
09054210300590119|1|30301|000|0|0|0|6676,00|0|6676,00|0|0|0|0|0|0|0|
09094210100590111|1|30301|000|0|0|0|9147142,30|0|7959508,00|0|1187634,30|0|0|0|0|0|
09094210100590119|1|30301|000|0|0|0|173319,00|0|164668,00|0|8651,00|0|0|0|0|0|
09094230100590111|1|30301|000|0|0|0|5969288,00|0|5969288,00|0|0|0|0|0|0|0|
09094230100590119|1|30301|000|0|0|0|122642,00|0|122642,00|0|0|0|0|0|0|0|
09099000000010121|1|30301|000|0|0|0|2569002,00|0|2569002,00|0|0|0|0|0|0|0|
09099000000010129|1|30301|000|0|0|0|72661,00|0|72661,00|0|0|0|0|0|0|0|
09099000000010244|1|30301|000|0|0|0|354,00|0|354,00|0|0|0|0|0|0|0|
0909900000001о121|1|30301|000|0|0|0|358770,00|0|358770,00|0|0|0|0|0|0|0|
09099900059800121|1|30301|000|0|0|0|40222,00|0|40222,00|0|0|0|0|0|0|0|
09099900059800129|1|30301|000|0|0|0|180,00|0|180,00|0|0|0|0|0|0|0|
**************|1|30302|000|0|0|0|5449751,04|0|5449376,11|0|374,93|0|0|0|0|0|
09054210300590119|1|30302|000|0|0|0|151481,40|0|151481,40|0|0|0|0|0|0|0|
09094210100590119|1|30302|000|0|0|0|2394113,75|0|2394113,75|0|0|0|0|0|0|0|
09094230100590119|1|30302|000|0|0|0|1959674,72|0|1959674,72|0|0|0|0|0|0|0|
09099000000010129|1|30302|000|0|0|0|851876,09|0|851876,09|0|0|0|0|0|0|0|
0909900000001о129|1|30302|000|0|0|0|83471,03|0|83096,10|0|374,93|0|0|0|0|0|
09099900059800129|1|30302|000|0|0|0|9134,05|0|9134,05|0|0|0|0|0|0|0|
**************|1|30305|000|7994077,40|0|0|-1902297,70|0|929027,18|0|5162752,52|0|0|0|0|0|
09054210300590852|1|30305|000|0|0|0|5070,00|0|0|0|5070,00|0|0|0|0|0|
09094210100590853|1|30305|000|0|0|0|9416,28|0|9416,28|0|0|0|0|0|0|0|
09094230100590852|1|30305|000|0|0|0|4000,26|0|545,00|0|3455,26|0|0|0|0|0|
11301992020000130|1|30305|000|0|0|0|2192138,62|0|2192138,62|0|0|0|0|0|0|0|
11302992020000130|1|30305|000|1210327,91|0|0|986015,38|0|842400,92|0|1353942,37|0|0|0|0|0|
11607010020000140|1|30305|000|6256116,53|0|0|-6251846,18|0|-2492817,80|0|2497088,15|0|0|0|0|0|
11607090020000140|1|30305|000|99933,02|0|0|1152907,94|0|273625,84|0|979215,12|0|0|0|0|0|
11610021020000140|1|30305|000|3416,63|0|0|0|0|0|0|3416,63|0|0|0|0|0|
11610122010000140|1|30305|000|424283,31|0|0|0|0|103718,32|0|320564,99|0|0|0|0|0|
**************|1|30306|000|0|0|0|290046,45|0|263067,90|0|26978,55|0|0|0|0|0|
09054210300590119|1|30306|000|0|0|0|10446,91|0|10446,91|0|0|0|0|0|0|0|
09094210100590119|1|30306|000|0|0|0|137847,12|0|110894,44|0|26952,68|0|0|0|0|0|
09094230100590119|1|30306|000|0|0|0|94927,01|0|94927,01|0|0|0|0|0|0|0|
09099000000010129|1|30306|000|0|0|0|40438,79|0|40438,79|0|0|0|0|0|0|0|
0909900000001о129|1|30306|000|0|0|0|5756,69|0|5730,82|0|25,87|0|0|0|0|0|
09099900059800129|1|30306|000|0|0|0|629,93|0|629,93|0|0|0|0|0|0|0|
**************|1|30307|000|0|0|0|5318921383,10|0|5318194449,83|0|726933,27|0|0|0|0|0|
09054210300590119|1|30307|000|0|0|0|266398,34|0|266398,34|0|0|0|0|0|0|0|
09094210100590119|1|30307|000|0|0|0|3488772,63|0|2802917,58|0|685855,05|0|0|0|0|0|
09094230100590119|1|30307|000|0|0|0|2425718,56|0|2385299,75|0|40418,81|0|0|0|0|0|
09099000000010129|1|30307|000|0|0|0|1031190,26|0|1031190,26|0|0|0|0|0|0|0|
09099000000010244|1|30307|000|0|0|0|137,70|0|137,70|0|0|0|0|0|0|0|
0909900000001о129|1|30307|000|0|0|0|146794,24|0|146134,83|0|659,41|0|0|0|0|0|
09099900059800129|1|30307|000|0|0|0|16063,37|0|16063,37|0|0|0|0|0|0|0|
10034210111180324|1|30307|000|0|0|0|5311546308,00|0|5311546308,00|0|0|0|0|0|0|0|
**************|1|30310|000|0|0|0|33644730,47|0|30428277,06|0|3216453,41|0|0|0|0|0|
09054210300590119|1|30310|000|0|0|0|1142243,92|0|1142243,92|0|0|0|0|0|0|0|
09094210100590119|1|30310|000|0|0|0|16888819,51|0|13675210,60|0|3213608,91|0|0|0|0|0|
09094230100590119|1|30310|000|0|0|0|10463884,03|0|10463884,03|0|0|0|0|0|0|0|
09099000000010129|1|30310|000|0|0|0|4446666,39|0|4446666,39|0|0|0|0|0|0|0|
09099000000010244|1|30310|000|0|0|0|594,00|0|594,00|0|0|0|0|0|0|0|
0909900000001о129|1|30310|000|0|0|0|633229,65|0|630385,15|0|2844,50|0|0|0|0|0|
09099900059800129|1|30310|000|0|0|0|69292,97|0|69292,97|0|0|0|0|0|0|0|
**************|1|30312|000|0|0|0|60866,00|0|0|0|60866,00|0|0|0|0|0|
09054210300590851|1|30312|000|0|0|0|904,00|0|0|0|904,00|0|0|0|0|0|
09094230100590851|1|30312|000|0|0|0|59962,00|0|0|0|59962,00|0|0|0|0|0|
**************|1|30313|000|0|0|0|47153,55|0|0|0|47153,55|0|0|0|0|0|
09054210300590851|1|30313|000|0|0|0|19060,25|0|0|0|19060,25|0|0|0|0|0|
09094230100590851|1|30313|000|0|0|0|28093,30|0|0|0|28093,30|0|0|0|0|0|
**************|1|30400|000|0|0|0|0|0|0|0|0|0|0|141870,50|0|0|
00000000000000000|1|30400|000|0|0|0|0|0|0|0|0|0|0|141870,50|0|0|
**************|1|30402|000|7873,61|0|0|0|0|0|0|7873,61|0|0|0|0|0|
0909900000001о121|1|30402|000|7873,61|0|0|0|0|0|0|7873,61|0|0|0|0|0|
**************|1|30403|000|0|0|0|1141547,84|0|1056377,01|0|85170,83|0|0|0|0|0|
09094210100590111|1|30403|000|0|0|0|461406,65|0|376730,61|0|84676,04|0|0|0|0|0|
09094210100590119|1|30403|000|0|0|0|2886,40|0|2391,61|0|494,79|0|0|0|0|0|
09094230100590111|1|30403|000|0|0|0|402139,43|0|402139,43|0|0|0|0|0|0|0|
09094230100590119|1|30403|000|0|0|0|7487,39|0|7487,39|0|0|0|0|0|0|0|
09099000000010121|1|30403|000|0|0|0|233186,03|0|233186,03|0|0|0|0|0|0|0|
0909900000001о121|1|30403|000|0|0|0|31536,93|0|31536,93|0|0|0|0|0|0|0|
09099900059800121|1|30403|000|0|0|0|2905,01|0|2905,01|0|0|0|0|0|0|0|
**************|1|40140|000|7260119877,72|0|0|1047476200,00|0|1860187165,21|0|6447408912,51|0|0|0|0|0|
20225114020000150|1|40140|151|608247000,00|0|0|0|0|79625763,92|0|528621236,08|0|0|0|0|0|
20225138020000150|1|40140|151|478154356,17|0|0|0|0|19780000,00|0|458374356,17|0|0|0|0|0|
20225170020000150|1|40140|151|188344200,00|0|0|0|0|36153144,25|0|152191055,75|0|0|0|0|0|
20225201020000150|1|40140|151|266166100,00|0|0|0|0|8358964,90|0|257807135,10|0|0|0|0|0|
20225202020000150|1|40140|151|171436700,00|0|0|0|0|18863989,33|0|152572710,67|0|0|0|0|0|
20225402020000150|1|40140|151|210315600,00|0|0|0|0|33177414,99|0|177138185,01|0|0|0|0|0|
20225554020000150|1|40140|151|393340100,00|0|0|0|0|33695376,25|0|359644723,75|0|0|0|0|0|
20229999020000150|1|40140|151|465333300,00|0|0|0|0|42306677,42|0|423026622,58|0|0|0|0|0|
20235460020000150|1|40140|151|1090056600,00|0|0|0|0|278127000,69|0|811929599,31|0|0|0|0|0|
20245161020000150|1|40140|151|421298500,00|0|0|0|0|122506772,53|0|298791727,47|0|0|0|0|0|
20245190020000150|1|40140|151|1853207900,00|0|0|0|0|191025815,75|0|1662182084,25|0|0|0|0|0|
20245191020000150|1|40140|151|106973900,00|0|0|0|0|0|0|106973900,00|0|0|0|0|0|
20245192020000150|1|40140|151|967069186,27|0|0|0|0|13958292,50|0|953110893,77|0|0|0|0|0|
20245196020000150|1|40140|151|15046800,00|0|0|0|0|2101768,98|0|12945031,02|0|0|0|0|0|
20245216020000150|1|40140|151|15291000,00|0|0|0|0|1645125,00|0|13645875,00|0|0|0|0|0|
20245468020000150|1|40140|151|1264200,00|0|0|0|0|418990,00|0|845210,00|0|0|0|0|0|
20245476020000150|1|40140|151|5638200,00|0|0|0|0|1095854,00|0|4542346,00|0|0|0|0|0|
20249001020000150|1|40140|151|2936235,28|0|0|1047476200,00|0|977346214,70|0|73066220,58|0|0|0|0|0|
**************|1|40140|000|0|0|0|0|0|0|0|0|0|0|3646964,97|0|0|
20702030020000150|1|40140|182|0|0|0|0|0|0|0|0|0|0|3646964,97|0|0|
**************|1|40140|000|2412240,89|0|0|0|0|1206120,44|0|1206120,45|0|0|0|0|0|
20702030020000150|1|40140|186|2412240,89|0|0|0|0|1206120,44|0|1206120,45|0|0|0|0|0|
**************|1|40160|000|15389544,84|0|0|26132499,16|0|13047209,91|0|28474834,09|0|0|17852692,68|0|0|
09054210300590111|1|40160|211|243742,67|0|0|1043180,04|0|243654,09|0|1043268,62|0|0|0|0|0|
09094210100590111|1|40160|211|11623899,09|0|0|9629772,48|0|6662398,06|0|14591273,51|0|0|6525181,57|0|0|
09094230100590111|1|40160|211|2801653,17|0|0|9966884,83|0|4625375,96|0|8143162,04|0|0|8008224,57|0|0|
09099000000010121|1|40160|211|719328,04|0|0|5427527,31|0|1489712,39|0|4657142,96|0|0|3295310,36|0|0|
09099900059800121|1|40160|211|921,87|0|0|65134,50|0|26069,41|0|39986,96|0|0|23976,18|0|0|
**************|1|40160|000|5009470,06|0|0|8418753,09|0|4125332,68|0|9302890,47|0|0|5533016,81|0|0|
09054210300590119|1|40160|213|73610,29|0|0|315040,37|0|73583,52|0|315067,14|0|0|0|0|0|
09094210100590119|1|40160|213|3852362,45|0|0|3454812,23|0|2196481,94|0|5110692,74|0|0|2112623,97|0|0|
09094230100590119|1|40160|213|846099,25|0|0|3009999,22|0|1396863,56|0|2459234,91|0|0|2415745,83|0|0|
09099000000010129|1|40160|213|237119,68|0|0|1619230,64|0|450530,71|0|1405819,61|0|0|997406,22|0|0|
09099900059800129|1|40160|213|278,39|0|0|19670,63|0|7872,95|0|12076,07|0|0|7240,79|0|0|
#
#@
